PbMap 0.2

MapPlanes 12
 ID 0 obs 1 areaVoxels 0.3875 areaHull 0.60315 ratioXY 8.40552 structure 0 label 
 normal
0.560157
-0.116608
-0.820138
 center
-1.09383
-0.669147
20.4114
 PpalComp
0.00636466
0.99062
-0.1365
 RGB
0.341694
0.337951
0.319355
 Neighbors (11): 1 2 3 4 5 6 7 8 9 10 11 
 CommonObservations: 1 1 1 1 1 1 1 1 1 1 1 
 ConvexHull (12): 
	-1.1888 0.113684 20.2352
	-1.17988 -0.320379 20.3031
	-1.15077 -1.82424 20.5368
	-1.06575 -1.83118 20.5958
	-1.01857 -1.81422 20.6256
	-1.00323 -1.61064 20.6072
	-0.967481 -0.912303 20.5323
	-0.957574 -0.669348 20.5045
	-0.941196 0.180472 20.3949
	-1.14867 0.223681 20.247
	-1.18613 0.209025 20.2235
	-1.18846 0.159509 20.229

 ID 1 obs 1 areaVoxels 0.42 areaHull 0.446918 ratioXY 10.1682 structure 0 label 
 normal
0.553853
-0.118216
-0.824179
 center
-0.695539
-0.85689
20.5407
 PpalComp
0.0388909
0.992462
-0.116219
 RGB
0.338518
0.341405
0.322183
 Neighbors (11): 0 2 3 4 5 6 7 8 9 10 11 
 CommonObservations: 1 1 1 1 1 1 1 1 1 1 1 
 ConvexHull (17): 
	-0.81551 -1.69925 20.5809
	-0.775011 -1.77367 20.6188
	-0.714729 -1.74408 20.6551
	-0.670857 -1.72769 20.6822
	-0.667179 -1.72301 20.684
	-0.665383 -1.66479 20.6768
	-0.661126 -1.6155 20.6726
	-0.612304 -0.164974 20.4974
	-0.612035 0.0945653 20.4603
	-0.610335 0.114416 20.4586
	-0.630741 0.119877 20.4441
	-0.680624 0.124092 20.41
	-0.712581 0.030369 20.402
	-0.754288 -0.119626 20.3955
	-0.770131 -0.360418 20.4194
	-0.803665 -1.03505 20.4936
	-0.815211 -1.45243 20.5457

 ID 2 obs 1 areaVoxels 0.245 areaHull 0.264833 ratioXY 9.94767 structure 0 label 
 normal
0.569491
-0.117572
-0.813546
 center
-3.58815
-1.64848
20.5376
 PpalComp
0.0866605
0.99279
-0.0828132
 RGB
0.351101
0.323911
0.325967
 Neighbors (11): 0 1 3 4 5 6 7 8 9 10 11 
 CommonObservations: 1 1 1 1 1 1 1 1 1 1 1 
 ConvexHull (10): 
	-3.73626 -2.42809 20.5466
	-3.71378 -2.43479 20.5633
	-3.67232 -2.42739 20.5912
	-3.556 -2.01508 20.6131
	-3.55579 -2.01389 20.6131
	-3.4698 -0.980734 20.5239
	-3.49408 -0.961843 20.5042
	-3.52187 -0.946759 20.4826
	-3.57519 -0.957252 20.4468
	-3.6012 -0.977362 20.4315

 ID 3 obs 1 areaVoxels 0.28 areaHull 0.316525 ratioXY 20.7185 structure 0 label 
 normal
0.555741
-0.116687
-0.823126
 center
-3.2873
-1.06572
20.4733
 PpalComp
0.0648651
0.993169
-0.0969987
 RGB
0.353415
0.325982
0.320771
 Neighbors (11): 0 1 2 4 5 6 7 8 9 10 11 
 CommonObservations: 1 1 1 1 1 1 1 1 1 1 1 
 ConvexHull (13): 
	-3.40654 -2.32676 20.5716
	-3.36741 -2.36929 20.604
	-3.33973 -2.27975 20.61
	-3.3082 -2.06239 20.6005
	-3.21129 -0.999551 20.5152
	-3.18507 -0.23159 20.4241
	-3.18749 -0.0256809 20.3932
	-3.1903 0.0746512 20.3771
	-3.19227 0.11859 20.3696
	-3.20692 0.142244 20.3563
	-3.26299 0.115387 20.3223
	-3.27374 0.0235648 20.328
	-3.34787 -1.07269 20.4334

 ID 4 obs 1 areaVoxels 0.08 areaHull 0.0814722 ratioXY 3.17351 structure 0 label 
 normal
0.557443
-0.11668
-0.821975
 center
-4.72728
-2.14561
20.922
 PpalComp
0.116339
-0.969497
0.215732
 RGB
0.348581
0.335045
0.316716
 Neighbors (11): 0 1 2 3 5 6 7 8 9 10 11 
 CommonObservations: 1 1 1 1 1 1 1 1 1 1 1 
 ConvexHull (9): 
	-4.81593 -2.12816 20.8597
	-4.7988 -2.3167 20.898
	-4.77309 -2.33505 20.9179
	-4.71345 -2.35965 20.9616
	-4.59938 -2.30882 21.0313
	-4.7075 -1.9357 20.9056
	-4.73292 -1.87633 20.88
	-4.76614 -1.8756 20.8575
	-4.78831 -1.87803 20.8429

 ID 5 obs 1 areaVoxels 0.76 areaHull 1.02831 ratioXY 5.84072 structure 0 label 
 normal
0.557082
-0.116595
-0.822232
 center
-1.62226
-0.77986
20.4639
 PpalComp
0.0450664
0.992881
-0.11026
 RGB
0.338012
0.327103
0.333358
 Neighbors (11): 0 1 2 3 4 6 7 8 9 10 11 
 CommonObservations: 1 1 1 1 1 1 1 1 1 1 1 
 ConvexHull (14): 
	-1.81602 -2.02393 20.509
	-1.79516 -2.01759 20.5222
	-1.67658 -1.9731 20.5963
	-1.53201 -1.91289 20.6857
	-1.50704 -1.82975 20.6908
	-1.48965 -1.72592 20.6879
	-1.46377 -1.3794 20.6563
	-1.38176 -0.0701914 20.5262
	-1.38156 0.00460846 20.5157
	-1.40933 0.267313 20.4596
	-1.48032 0.288485 20.4086
	-1.56383 0.297526 20.3507
	-1.73429 0.259109 20.2406
	-1.74834 0.25712 20.2314

 ID 6 obs 1 areaVoxels 0.195 areaHull 0.130863 ratioXY 34.5053 structure 0 label 
 normal
0.554767
-0.116635
-0.823789
 center
-2.05118
-1.02443
20.5046
 PpalComp
0.0476023
0.992957
-0.108496
 RGB
0.342742
0.325294
0.331601
 Neighbors (11): 0 1 2 3 4 5 7 8 9 10 11 
 CommonObservations: 1 1 1 1 1 1 1 1 1 1 1 
 ConvexHull (11): 
	-2.12602 -2.01024 20.5937
	-2.10142 -1.94904 20.6016
	-2.09666 -1.93205 20.6024
	-2.03884 -1.63979 20.6
	-1.99723 -0.355738 20.4463
	-1.99394 -0.110405 20.4138
	-1.99497 -0.0358668 20.4025
	-1.99594 -0.00969207 20.3982
	-2.02604 -0.0191172 20.3792
	-2.03902 -0.173971 20.3924
	-2.10286 -1.49589 20.5365

 ID 7 obs 1 areaVoxels 0.3725 areaHull 0.434878 ratioXY 9.56937 structure 0 label 
 normal
0.558762
-0.116376
-0.821122
 center
-2.36761
-0.99166
20.5063
 PpalComp
0.0687253
0.993198
-0.093997
 RGB
0.346623
0.325007
0.328477
 Neighbors (11): 0 1 2 3 4 5 6 8 9 10 11 
 CommonObservations: 1 1 1 1 1 1 1 1 1 1 1 
 ConvexHull (12): 
	-2.5067 -1.65242 20.5053
	-2.49301 -2.17295 20.5884
	-2.45877 -2.13303 20.606
	-2.32399 -1.66718 20.6317
	-2.28703 -1.33309 20.6095
	-2.24549 -0.756106 20.556
	-2.24442 -0.341784 20.498
	-2.24909 -0.203182 20.4752
	-2.29407 0.16176 20.3929
	-2.31377 0.16687 20.3787
	-2.31931 0.16681 20.375
	-2.36732 0.108582 20.3506

 ID 8 obs 1 areaVoxels 0.2175 areaHull 0.15636 ratioXY 8.04094 structure 0 label 
 normal
0.541278
-0.118037
-0.832517
 center
-4.73885
-1.58943
20.5527
 PpalComp
-0.00661057
0.98947
-0.144588
 RGB
0.342909
0.33483
0.322239
 Neighbors (11): 0 1 2 3 4 5 6 7 9 10 11 
 CommonObservations: 1 1 1 1 1 1 1 1 1 1 1 
 ConvexHull (10): 
	-4.80166 -1.62179 20.5164
	-4.78827 -2.31779 20.6238
	-4.73739 -2.22225 20.6433
	-4.66732 -1.66103 20.6093
	-4.66693 -1.6068 20.6019
	-4.66684 -1.59428 20.6002
	-4.71396 -0.972005 20.4813
	-4.75295 -0.977881 20.4568
	-4.8054 -1.07021 20.4358
	-4.82183 -1.21399 20.4455

 ID 9 obs 1 areaVoxels 0.075 areaHull 0.0476035 ratioXY 3.60807 structure 0 label 
 normal
0.560758
-0.11681
-0.819698
 center
-4.80299
-1.33533
20.7561
 PpalComp
-0.0155733
0.988492
-0.150466
 RGB
0.350318
0.333196
0.316785
 Neighbors (11): 0 1 2 3 4 5 6 7 8 10 11 
 CommonObservations: 1 1 1 1 1 1 1 1 1 1 1 
 ConvexHull (8): 
	-4.85682 -1.47232 20.7393
	-4.80949 -1.56647 20.7845
	-4.76653 -1.51192 20.8058
	-4.74791 -1.38562 20.8004
	-4.74128 -1.23132 20.7831
	-4.79292 -1.13754 20.735
	-4.82358 -1.1218 20.7121
	-4.84795 -1.12339 20.6958

 ID 10 obs 1 areaVoxels 0.2025 areaHull 0.219436 ratioXY 10.2442 structure 0 label 
 normal
0.552268
-0.116686
-0.82546
 center
-2.79767
-0.440177
20.4251
 PpalComp
0.0118638
0.991156
-0.132171
 RGB
0.351569
0.326423
0.322522
 Neighbors (11): 0 1 2 3 4 5 6 7 8 9 11 
 CommonObservations: 1 1 1 1 1 1 1 1 1 1 1 
 ConvexHull (12): 
	-2.87992 0.194892 20.2803
	-2.84412 -1.27551 20.5121
	-2.75464 -1.07654 20.5438
	-2.74773 -1.03576 20.5427
	-2.74283 -0.982525 20.5385
	-2.7408 -0.940415 20.5339
	-2.71495 -0.228025 20.4505
	-2.72627 0.0589314 20.4023
	-2.73198 0.132277 20.3881
	-2.73363 0.150068 20.3845
	-2.78657 0.202627 20.3417
	-2.80684 0.200948 20.3283

 ID 11 obs 1 areaVoxels 0.2725 areaHull 0.280712 ratioXY 20.3765 structure 0 label 
 normal
0.544881
-0.116816
-0.830336
 center
-1.31387
-0.834579
20.47
 PpalComp
0.0448514
0.992882
-0.110332
 RGB
0.335481
0.326439
0.338427
 Neighbors (11): 0 1 2 3 4 5 6 7 8 9 10 
 CommonObservations: 1 1 1 1 1 1 1 1 1 1 1 
 ConvexHull (15): 
	-1.41474 -1.90953 20.5758
	-1.38625 -1.90606 20.5901
	-1.35376 -1.89677 20.5726
	-1.34244 -1.87821 20.5776
	-1.30087 -1.67627 20.577
	-1.29408 -1.60994 20.5722
	-1.23855 -0.681608 20.4782
	-1.2269 -0.125649 20.4074
	-1.22611 -0.0846336 20.4021
	-1.2253 -0.0258483 20.3943
	-1.225 0.00611916 20.39
	-1.27528 0.229846 20.3313
	-1.31333 0.254306 20.3378
	-1.32552 0.174948 20.3408
	-1.32872 0.138804 20.3437

